1F
21
00
16
20
30
55
16
10
80
E9
1F
10
06
28
04
13
09
0C
2C
50
A6
30
55
52
00
41
C8
EC
E8
C9
CC
CE
40
BF
D1
02
50
0C
2C
09
50
0C
2C
01
03
06
47
21
3C
07
40
40
45
40
50
05
40
20
D8
14
40
40
45
45
06
32
2C
21
10
39
FF
25
E5
10
31
6D
A0
81
C1
88
DD
01
00
24
30
00
19
FF
FF
04
0C
04
DC
2A
FF
CC
00
00
00
00
00
00
00
00
00
76
51
80
74
75
D7
C0
AE
01
29
11
05
20
04
B0
22
00
40
FF
43
23
06
00
11
D0
FF
D2
1D
22
00
FF
93
00
21
00
0C
F5
00
10
71
01
B8
01
C3
06
B3
32
7A
13
FF
6A
29
FF
C0
01
05
05
06
10
FF
1C
1C
12
04
30
C0
FF
0C
20
C3
2C
FF
0C
20
24
22
12
04
30
0C
FF
12
04
30
C0
FE
0C
20
C3
2C
C0
1C
10
22
C3
1C
01
C3
1F
FE
0C
20
20
00
13
FF
6A
29
FE
36
C3
54
22
00
02
02
10
1C
00
20
FF
43
05
ED
7E
01
B0
BC
84
C1
B0
6F
6F
60
DD
40
8B
4B
54
07
00
43
72
07
E7
FC
00
2C
07
00
2C
72
C0
0C
C1
00
00
00
10
50
90
D0
28
20
FF
01
28
0C
00
32
48
49
36
31
34
40
25
70
B3
58
11
96
20
11
24
25
22
05
10
19
C1
81
41
01
0C
29
F0
02
22
31
31
24
34
15
45
21
25
70
B3
58
D5
22
22
1B
29
15
0E
12
20
60
A0
E0
38
05
1C
20
19
C1
81
41
01
01
1C
28
1C
00
FF
15
25
21
19
2B
2C
15
25
21
06
00
40
80
38
00
50
11
05
00
10
00
32
48
49
36
55
45
05
15
1B
30
70
28
20
0C
10
F0
02
00
29
71
31
0F
00
50
F3
60
00
14
10
39
31
00
21
38
21
17
29
79
18
6E
00
F5
24
29
F5
29
31
90
58
4A
A9
B0
A9
A1
10
50
21
21
32
43
0F
01
01
17
0A
2C
51
11
00
1C
01
1C
04
0D
68
50
20
28
1C
39
31
0F
21
15
22
03
16
21
00
10
EA
21
23
E4
30
1C
19
01
00
20
2B
FF
03
16
1C
14
10
EA
58
30
70
B0
F0
35
35
84
36
37
14
84
19
91
16
AA
2B
3C
5A
06
36
03
00
37
00
37
20
36
20
24
36
30
02
20
04
20
46
83
48
56
00
85
80
E0
40
E0
40
15
03
33
88
55
50
56
56
2E
2C
56
94
2E
F0
48
80
83
87
00
23
5A
5A
55
33
78
87
05
BC
83
B2
10
B2
0C
34
C0
3F
A3
C1
D3
37
13
28
FF
02
00
90
FF
5E
37
20
20
22
00
02
C5
BC
D0
33
E1
A1
61
21
49
0A
22
A4
30
70
18
25
10
48
01
21
50
26
02
FF
53
42
05
FF
96
FF
88
42
32
01
60
47
48
04
00
8E
59
09
61
21
20
37
40
38
32
20
24
4A
40
34
24
31
00
40
38
00
29
31
0F
25
24
20
14
F1
21
10
11
24
1C
10
1C
10
25
10
10
18
12
05
41
01
15
24
25
F4
28
10
42
3F
30
14
03
16
01
15
30
DC
30
28
1C
39
41
01
15
41
32
23
17
50
10
41
46
10
41
46
15
38
22
10
45
22
06
10
1C
10
25
10
65
75
6F
68
0D
72
69
65
6F
00
30
70
08
48
88
39
28
00
EC
00
11
00
31
50
09
00
78
10
0F
1D
79
39
F1
61
21
04
F3
35
00
00
01
36
31
03
08
08
08
08
08
08
08
01
00
97
E6
00
00
30
30
06
63
00
00
00
00
00
00
00
00
40
03
AB
00
46
60
01
36
30
76
63
00
00
00
00
00
00
00
00
40
DC
1D
06
32
03
4B
30
70
B0
F0
38
78
02
05
05
D0
01
00
17
E6
00
37
20
0F
63
19
62
55
56
0E
1D
99
59
19
D1
91
51
11
4E
F4
07
40
E8
09
30
00
03
0F
01
04
00
00
00
00
0F
00
02
00
00
00
63
00
61
00
00
7C
63
84
00
00
00
00
00
00
00
00
01
20
60
00
00
01
F7
51
54
21
60
70
01
50
7F
60
70
01
0C
00
08
04
00
02
02
01
00
00
00
00
00
01
63
00
00
60
83
00
00
F8
0D
60
00
01
60
00
15
04
00
2B
72
69
20
20
7A
18
0D
00
00
09
28
60
70
01
0C
00
60
08
08
08
64
67
00
80
0F
E1
30
70
28
68
01
49
D2
00
01
20
17
E6
20
10
41
11
41
0D
00
01
02
24
B8
3E
2A
89
49
09
51
11
FF
02
00
52
00
00
48
44
44
44
55
45
10
71
62
0D
62
01
04
00
CD
30
12
1E
1F
06
06
32
20
21
21
25
02
40
11
3F
03
00
19
11
10
50
08
05
D0
30
10
71
60
0D
60
13
01
20
00
05
36
00
1D
4C
06
28
50
56
32
65
11
1D
39
D1
41
01
20
18
05
D0
1C
21
3D
51
25
03
39
D1
01
00
31
0F
31
40
10
04
00
10
50
C8
12
26
24
10
0C
02
34
75
03
FF
26
72
6C
45
04
FF
24
02
6C
FF
61
21
00
00
00
00
00
10
50
49
23
06
24
03
24
C0
24
2A
39
31
0F
58
30
70
B0
F0
0C
1D
22
40
51
04
2C
33
54
03
06
03
2C
20
24
24
2A
03
2C
24
3C
08
24
3C
C0
FC
12
10
32
5D
24
C9
E9
10
0A
62
6C
4C
4C
05
0E
2F
37
00
60
00
63
83
50
4C
D1
91
51
11
39
00
58
52
20
7C
03
26
7C
20
7C
E1
30
08
49
61
11
4A
1D
00
3C
4C
02
06
09
31
0F
38
00
40
80
10
23
06
26
32
54
63
49
30
21
00
06
7C
A1
61
21
59
19
01
FF
35
20
32
FF
90
03
C0
04
0C
10
28
82
7C
7C
12
18
10
13
11
21
09
00
FE
29
08
30
4E
05
00
04
03
20
40
05
41
19
10
18
15
06
03
10
04
40
10
13
41
01
18
21
19
08
40
30
04
00
31
00
00
FB
01
08
40
30
04
00
31
00
00
FF
01
60
76
08
21
61
30
FF
FF
20
40
43
06
42
43
2E
31
08
40
30
04
00
30
00
00
FB
01
08
20
60
07
33
50
03
00
61
21
09
28
20
60
33
59
22
03
12
51
13
30
05
00
30
05
31
39
0F
00
00
00
00
00
00
00
00
00
00
00
00
00
00
00
00
00
00
00
00
01
02
04
08
16
33
67
34
68
36
73
47
94
89
79
59
19
38
77
55
11
23
46
93
86
72
44
88
76
53
06
13
27
54
20
60
3C
66
04
05
16
61
31
10
50
19
11
30
03
4F
41
0F
25
03
82
32
4F
60
07
77
97
70
50
02
52
38
28
65
0C
38
EE
32
1F
60
0A
0A
00
E1
4F
20
01
E8
00
11
25
32
12
00
21
71
20
15
21
04
12
22
01
12
09
00
43
21
1F
49
21
30
44
62
72
82
00
5F
59
1F
30
21
00
0E
5F
59
00
21
F4
2C
15
42
2C
32
36
B3
71
9B
24
1F
14
00
30
00
00
00
00
00
05
20
1F
00
74
00
32
00
48
00
37
69
53
46
72
20
00
00
00
00
00
00
00
44
54
30
30
00
78
32
30
6C
20
30
32
61
6B
74
72
72
0A
48
61
6D
00
64
65
00
20
74
0A
6D
63
3A
65
72
20
65
72
20
69
65
00
20
79
61
0A
64
65
00
6E
63
00
00
00
00
00
00
00
00
00
00
00
00
00
00
00
00
00
00
00
00
00
00
00
00
00
00
00
00
00
00
00
00
52
4F
50
46
53
42
0D
0E
15
1D
21
2F
2F
2F
2F
00
00
00
00
00
00
00
00
FF
00
00
00
FF
00
00
00
02
00
00
00
00
00
00
00
00
00
00
00
02
00
00
00
00
00
00
00
00
00
00
00
00
00
00
00
00
00
00
00
00
00
00
00
00
00
00
00
00
00
00
00
00
00
00
00
00
00
00
00
01
00
00
00
00
00
00
00
00
00
00
00
00
00
00
00
FF
00
00
00
FF
00
00
00
02
00
00
00
02
00
00
00
02
00
00
00
02
00
00
00
00
00
00
00
00
00
00
00
00
00
00
00
00
00
00
00
00
00
00
00
00
00
00
00
00
00
00
00
00
00
00
00
00
00
00
00
00
00
00
00
00
00
00
00
00
00
00
00
00
00
00
00
00
00
00
00
00
00
00
00
00
00
00
00
00
00
00
00
00
00
00
00
00
00
00
00
00
00
00
00
00
00
00
00
00
00
00
00
00
00
00
00
00
00
00
00
00
00
00
00
00
00
00
00
00
00
00
00
00
00
00
00
00
00
00
00
00
00
00
00
00
00
00
00
00
00
00
00
00
00
00
00
00
00
00
00
00
00
00
00
00
00
00
00
00
00
00
00
00
00
00
00
00
00
00
00
00
00
00
00
00
00
00
00
00
00
00
00
00
00
00
00
00
00
00
00
00
00
00
00
00
00
00
00
00
00
00
00
00
00
00
00
00
00
00
00
00
00
00
00
00
00
00
00
00
00
00
00
00
00
00
00
00
00
00
00
00
00
00
00
00
00
00
00
00
00
00
00
00
00
00
00
00
00
00
00
00
00
00
00
00
00
00
00
00
00
00
00
00
00
00
00
00
00
00
00
00
00
00
00
00
00
00
00
00
00
00
00
00
00
00
00
00
00
00
00
00
00
00
00
00
00
00
00
00
00
00
00
00
00
00
00
00
00
00
00
00
00
00
00
00
00
00
00
00
00
00
00
00
00
00
00
00
00
00
00
00
00
00
00
00
00
00
00
00
00
00
00
00
00
00
00
00
00
00
00
00
00
00
00
00
00
00
00
00
00
00
00
00
00
00
00
00
00
00
00
00
00
00
00
00
00
00
00
00
00
00
00
00
00
00
00
00
00
00
00
00
00
00
00
00
00
00
00
00
00
00
00
00
00
00
00
00
00
00
00
00
00
00
00
00
00
00
00
00
00
00
00
00
00
00
00
00
00
00
00
00
00
00
00
00
00
00
00
00
00
00
00
00
00
00
00
00
00
00
00
00
00
00
00
00
00
00
00
00
00
00
00
00
00
00
00
00
00
00
00
00
00
00
00
00
00
00
00
00
00
00
00
00
00
00
00
00
00
00
00
00
00
00
00
00
00
00
00
00
00
00
00
00
00
00
00
00
00
00
00
00
00
00
00
00
00
00
00
00
00
00
00
00
00
00
00
00
00
00
00
00
00
00
00
00
00
00
00
00
00
00
00
00
00
00
00
00
00
00
00
00
00
00
00
00
00
00
00
00
00
00
00
00
00
00
00
00
00
00
00
00
00
00
00
00
00
00
00
00
00
00
00
00
00
00
00
00
00
00
00
00
00
00
00
00
00
00
00
00
00
00
00
00
00
00
00
00
00
00
00
00
00
00
00
00
00
00
00
00
00
00
00
00
00
00
00
00
00
00
00
00
00
00
00
00
00
00
00
00
00
00
00
00
00
00
00
00
00
00
00
00
00
00
00
00
00
00
00
00
00
00
00
00
00
00
00
00
00
00
00
00
00
00
00
00
00
00
00
00
00
00
00
00
00
00
00
00
00
00
00
00
00
00
00
00
00
00
00
00
00
00
00
00
00
00
00
00
00
00
00
00
00
00
00
00
00
00
00
00
00
00
00
00
00
00
00
00
00
00
00
00
00
00
00
00
00
00
00
00
00
00
00
00
00
00
00
00
00
00
00
00
00
00
00
00
00
00
00
00
00
00
00
00
00
00
00
00
00
00
00
00
00
00
00
00
00
00
00
00
00
00
00
00
00
00
00
00
00
00
00
00
00
00
00
00
00
00
00
00
00
00
00
00
00
00
00
00
00
00
00
00
00
00
00
00
00
00
00
00
00
00
00
00
00
00
00
00
00
00
00
00
00
00
00
00
00
00
00
00
00
00
00
00
00
00
00
00
00
00
00
00
00
00
00
00
00
00
00
00
00
00
00
00
00
00
00
00
00
00
00
00
00
00
00
00
00
00
00
00
00
00
00
00
00
00
00
00
00
00
00
00
00
00
00
00
00
00
00
00
00
00
00
00
00
00
00
00
00
00
00
00
00
00
00
00
00
00
00
00
00
00
00
00
00
00
00
00
00
00
00
00
00
00
00
00
00
00
00
00
00
00
00
00
00
00
00
00
00
00
00
00
