0E
00
20
2F
14
30
05
00
10
EF
90
57
05
01
08
22
30
01
0C
06
05
BA
BB
01
50
B5
70
84
EE
80
E4
CE
28
CE
00
10
10
00
51
00
2C
00
51
00
2C
04
38
22
43
03
2C
51
51
40
40
45
40
48
55
42
10
12
48
41
40
25
03
22
2C
33
25
33
01
95
20
10
24
96
D3
B0
E3
CC
12
10
24
6A
10
8C
10
FF
C9
1F
02
2F
23
10
69
00
00
00
00
00
00
00
00
05
4E
64
27
80
15
C5
50
BC
A6
B1
16
00
01
12
01
20
10
22
34
43
29
2F
18
10
20
1D
23
03
2C
10
31
31
01
11
0C
00
2C
0C
09
68
10
81
10
36
0C
30
30
20
36
43
20
20
10
10
0C
0B
05
06
68
10
21
11
1C
59
21
C3
10
00
1C
23
20
10
00
1C
23
2C
1C
59
21
C0
22
1C
59
21
C3
10
00
1C
23
20
06
16
90
20
01
10
1C
21
0C
18
C0
00
68
10
36
43
20
20
10
6A
44
55
78
10
0E
30
00
1C
93
C0
00
09
51
3C
C0
1F
C0
77
74
DB
C0
BC
10
70
D1
01
20
27
5D
03
10
4B
5D
00
70
CD
18
C0
00
40
5F
20
E9
20
D8
04
00
00
00
40
80
C0
18
23
00
29
F0
02
22
31
31
24
34
15
45
21
19
60
80
E3
0F
E1
22
22
1B
29
15
0E
30
29
D1
91
51
11
0C
11
05
0C
00
40
20
40
34
35
34
21
19
60
80
E3
0F
20
22
18
DC
29
67
10
10
50
90
D0
28
F0
02
00
29
D1
91
51
11
19
F3
00
12
03
22
00
10
55
40
20
11
00
10
55
19
2B
30
70
28
20
0C
10
F0
02
0C
22
31
31
24
34
35
34
34
10
10
20
60
18
23
06
11
01
28
1C
39
81
41
01
01
1C
28
1C
05
10
10
5C
80
18
10
10
24
29
21
24
17
33
10
10
09
25
10
25
34
C6
48
A1
BB
BA
AB
B1
00
40
38
2C
19
41
20
04
02
32
22
03
61
21
01
60
50
01
30
00
10
50
10
18
12
05
41
01
10
31
2C
05
10
40
14
10
10
11
35
EB
20
12
03
11
29
22
03
00
05
10
01
00
10
10
48
20
60
A0
E0
30
14
74
43
83
A3
17
93
20
12
A6
21
0A
00
93
40
35
03
20
04
00
24
00
24
30
20
20
24
35
00
34
40
37
86
5F
10
83
36
E5
22
E0
34
42
00
36
80
62
06
56
70
05
2C
2C
94
03
05
37
60
37
46
10
20
52
3F
56
33
99
8E
C0
B2
30
BE
34
16
BC
34
C0
42
34
7B
DF
BC
5A
43
55
13
00
1C
30
90
43
55
10
31
3C
00
5F
C1
DC
0A
F1
B1
71
31
59
0F
2C
A0
20
60
08
58
00
42
10
01
02
06
20
10
05
04
05
18
92
10
82
20
24
B8
04
26
32
06
00
90
09
19
71
31
10
25
24
44
36
10
44
4F
06
45
43
41
0F
30
28
1C
39
41
01
15
24
25
F4
28
10
42
05
EA
12
00
1C
01
10
30
00
40
1C
20
19
11
10
25
25
20
22
30
31
30
10
21
05
10
40
00
20
10
20
18
12
05
51
11
14
01
20
31
22
40
04
12
2C
04
14
2C
10
20
21
12
02
2C
2C
00
1C
01
10
30
69
66
00
75
72
20
00
61
6F
3A
20
60
F0
38
78
13
00
03
E6
1E
60
00
11
00
01
04
83
B8
3E
22
89
49
09
71
31
0F
30
36
48
33
53
34
00
83
06
06
06
06
06
06
06
3E
60
7E
61
90
97
30
3E
6F
63
03
08
08
08
08
08
08
08
01
60
01
23
40
04
83
34
3F
63
63
03
08
08
08
08
08
08
08
01
28
01
4C
33
06
41
20
60
A0
E0
28
68
0C
59
22
D0
DC
60
7D
61
10
17
13
30
51
0F
C8
46
48
64
01
2C
69
29
E1
A1
61
21
05
F0
04
03
01
01
0D
EC
01
04
50
04
00
00
02
02
00
00
00
00
00
00
00
0F
76
00
0F
0F
67
7F
00
08
08
08
08
08
08
08
48
00
60
90
00
00
73
45
7F
00
80
0D
06
66
D8
80
0D
06
01
00
04
00
00
0C
0C
70
04
00
08
08
08
48
60
03
86
60
66
94
87
83
01
00
17
E6
00
40
10
01
01
21
61
65
6F
74
73
08
01
01
10
19
77
80
0D
06
01
09
60
08
04
04
64
21
70
00
66
0F
20
60
18
58
98
37
D0
DC
22
60
7D
61
10
17
21
10
32
01
01
0F
66
04
72
66
1D
99
59
19
61
21
37
20
E6
50
40
00
04
40
40
40
00
5C
0D
62
20
01
60
00
20
02
02
20
1C
40
1F
10
20
38
11
33
13
32
00
0C
10
12
2A
20
02
21
00
40
D0
38
D0
DC
0D
60
00
01
60
30
49
2F
01
05
00
01
03
42
4C
33
2F
51
3A
40
04
03
2F
09
51
11
10
08
58
D0
DC
02
31
1D
20
31
59
09
11
31
3C
FF
00
00
0D
01
01
00
40
18
49
20
24
54
06
10
65
04
07
18
1D
73
62
6C
00
25
06
20
03
18
71
31
0F
00
00
00
00
00
40
C8
36
1D
50
4C
24
03
20
05
C9
41
01
48
20
60
A0
E0
02
6C
30
2C
52
45
03
02
50
0C
2C
01
03
06
47
21
3C
07
03
06
25
2C
42
03
2C
EC
19
08
22
55
23
2B
02
0F
68
53
2C
03
6C
4C
4C
05
70
70
07
00
66
86
22
08
E1
A1
61
21
49
50
46
43
29
03
7C
22
5C
7C
5C
7C
20
60
38
30
10
33
42
23
03
03
00
0F
19
41
01
28
C8
30
70
00
25
02
21
20
40
48
72
12
02
10
26
6C
7C
71
31
C9
29
23
00
05
04
04
03
24
07
A3
04
82
06
81
7C
6C
6C
7C
08
00
15
00
10
00
31
01
39
0F
20
13
04
00
30
16
20
40
14
01
11
00
40
05
00
50
06
28
A0
F6
11
19
11
20
10
02
0F
30
13
01
03
B8
03
05
20
31
0F
30
13
01
03
B8
03
05
18
31
0F
60
86
07
71
20
16
20
22
4F
41
00
33
01
01
41
0F
30
13
01
03
B8
03
05
20
31
0F
10
50
71
10
00
00
05
71
31
19
18
10
50
11
25
60
48
55
10
3F
43
33
04
11
00
41
01
09
00
00
00
00
00
00
00
01
02
05
10
20
40
81
63
27
55
10
21
42
85
71
43
86
72
44
88
77
54
09
18
36
72
45
91
83
67
34
69
38
77
55
11
22
44
88
76
53
06
13
26
52
04
09
10
50
1D
66
21
04
FB
12
41
0F
40
40
00
04
31
36
51
11
35
21
11
34
24
10
75
9F
90
00
58
0F
08
58
59
50
FF
50
AF
34
28
03
00
00
0A
10
40
10
10
31
04
17
23
30
23
16
00
15
74
34
0C
22
71
20
15
1E
40
04
42
13
01
25
10
23
42
25
26
A2
16
26
25
2A
10
60
02
23
26
25
2A
60
02
2C
23
40
13
30
36
24
74
E0
22
1F
10
51
01
1F
1F
01
11
10
00
02
30
00
6C
20
58
49
43
33
78
61
00
4E
00
6F
20
30
32
30
32
30
32
30
46
32
36
30
30
78
32
6E
74
2E
3A
00
6F
62
20
6D
00
00
6F
65
3A
68
20
20
74
69
00
6D
65
72
62
73
73
74
73
73
63
6F
0D
73
69
20
00
6E
20
20
61
6A
00
00
00
00
00
00
00
00
00
00
00
00
00
00
00
00
00
00
00
00
00
00
00
00
00
00
00
00
00
00
00
00
00
4F
50
46
41
50
0B
0B
1F
1F
0C
25
2F
2F
2F
00
00
00
00
00
00
00
00
F8
00
00
00
FF
00
00
00
00
00
00
00
03
00
00
00
01
00
00
00
00
00
00
00
02
00
00
00
02
00
00
00
03
00
00
00
02
00
00
00
02
00
00
00
00
00
00
00
03
00
00
00
03
00
00
00
00
00
00
00
00
00
00
00
03
00
00
00
03
03
00
00
03
03
00
00
F8
00
00
00
F8
00
00
00
00
00
00
00
00
00
00
00
00
00
00
00
08
00
00
00
00
00
00
00
00
00
00
00
00
00
00
00
00
00
00
00
00
00
00
00
00
00
00
00
00
00
00
00
00
00
00
00
00
00
00
00
00
00
00
00
00
00
00
00
00
00
00
00
00
00
00
00
00
00
00
00
00
00
00
00
00
00
00
00
00
00
00
00
00
00
00
00
00
00
00
00
00
00
00
00
00
00
00
00
00
00
00
00
00
00
00
00
00
00
00
00
00
00
00
00
00
00
00
00
00
00
00
00
00
00
00
00
00
00
00
00
00
00
00
00
00
00
00
00
00
00
00
00
00
00
00
00
00
00
00
00
00
00
00
00
00
00
00
00
00
00
00
00
00
00
00
00
00
00
00
00
00
00
00
00
00
00
00
00
00
00
00
00
00
00
00
00
00
00
00
00
00
00
00
00
00
00
00
00
00
00
00
00
00
00
00
00
00
00
00
00
00
00
00
00
00
00
00
00
00
00
00
00
00
00
00
00
00
00
00
00
00
00
00
00
00
00
00
00
00
00
00
00
00
00
00
00
00
00
00
00
00
00
00
00
00
00
00
00
00
00
00
00
00
00
00
00
00
00
00
00
00
00
00
00
00
00
00
00
00
00
00
00
00
00
00
00
00
00
00
00
00
00
00
00
00
00
00
00
00
00
00
00
00
00
00
00
07
08
00
00
00
01
00
07
2C
2D
2F
2F
2D
00
00
00
00
00
00
00
00
00
00
00
00
00
00
00
00
00
00
00
00
00
00
00
00
00
00
00
00
00
00
00
00
00
00
00
00
00
02
00
00
04
00
00
00
00
00
00
00
00
00
00
00
00
00
00
00
00
00
00
00
00
00
00
00
00
00
00
00
00
00
00
00
00
00
00
00
00
00
00
00
00
00
00
00
00
00
00
00
00
00
00
00
00
00
00
00
00
00
00
00
00
00
00
00
00
00
00
00
00
00
00
00
00
00
00
00
00
00
00
00
00
00
00
00
00
00
00
00
00
00
00
00
00
00
00
00
00
00
00
00
00
00
00
00
00
00
00
00
00
00
00
00
00
00
00
00
00
00
00
00
00
00
00
00
00
00
00
00
00
00
00
00
00
00
00
00
00
00
00
00
00
00
00
00
00
00
00
00
00
00
00
00
00
00
00
00
00
00
00
00
00
00
00
00
00
00
00
00
00
00
00
00
00
00
00
00
00
00
00
00
00
00
00
00
00
00
00
00
00
00
00
00
00
00
00
00
00
00
00
00
00
00
00
00
00
00
00
00
00
00
00
00
00
00
00
00
00
00
00
00
00
00
00
00
00
00
00
00
00
00
00
00
00
00
00
00
00
00
00
00
00
00
00
00
00
00
00
00
00
00
00
00
00
00
00
00
00
00
00
00
00
00
00
00
00
00
00
00
00
00
00
00
00
00
00
00
00
00
00
00
00
00
00
00
00
00
00
00
00
00
00
00
00
00
00
00
00
00
00
00
00
00
00
00
00
00
00
00
00
00
00
00
00
00
00
00
00
00
00
00
00
00
00
00
00
00
00
00
00
00
00
00
00
00
00
00
00
00
00
00
00
00
00
00
00
00
00
00
00
00
00
00
00
00
00
00
00
00
00
00
00
00
00
00
00
00
00
00
00
00
00
00
00
00
00
00
00
00
00
00
00
00
00
00
00
00
00
00
00
00
00
00
00
00
00
00
00
00
00
00
00
00
00
00
00
00
00
00
00
00
00
00
00
00
00
00
00
00
00
00
00
00
00
00
00
00
00
00
00
00
00
00
00
00
00
00
00
00
00
00
00
00
00
00
00
00
00
00
00
00
00
00
00
00
00
00
00
00
00
00
00
00
00
00
00
00
00
00
00
00
00
00
00
00
00
00
00
00
00
00
00
00
00
00
00
00
00
00
00
00
00
00
00
00
00
00
00
00
00
00
00
00
00
00
00
00
00
00
00
00
00
00
00
00
00
00
00
00
00
00
00
00
00
00
00
00
00
00
00
00
00
00
00
00
00
00
00
00
00
00
00
00
00
00
00
00
00
00
00
00
00
00
00
00
00
00
00
00
00
00
00
00
00
00
00
00
00
00
00
00
00
00
00
00
00
00
00
00
00
00
00
00
00
00
00
00
00
00
00
00
00
00
