16
21
00
09
21
15
10
00
FF
F8
10
26
22
60
01
2C
10
05
04
02
A5
00
52
B5
50
15
40
90
EA
28
E0
AF
DC
10
10
2A
2C
52
05
03
2C
52
05
03
2C
57
25
42
32
22
2C
45
4F
53
41
00
50
00
32
10
20
40
40
4D
25
38
2A
03
31
20
31
00
75
10
00
44
84
CA
A0
EE
BB
00
FF
10
40
FF
09
FF
FE
00
E8
C7
1D
BC
00
07
00
00
00
00
00
00
00
00
00
60
43
70
70
92
B1
00
B0
A3
11
00
00
10
27
10
20
FF
4F
33
00
42
31
FF
02
00
10
00
06
22
01
20
00
00
00
C0
00
C0
C0
3F
11
BB
28
FF
31
00
0C
20
20
1A
41
FF
20
22
C3
00
01
05
05
02
11
10
C3
FF
0C
20
24
22
12
04
30
0C
FF
12
04
30
C0
FE
0C
20
C3
2C
FE
0C
20
24
22
12
04
30
0C
C3
1C
01
00
FE
C0
1C
10
C0
0C
00
FE
32
22
1A
41
FE
20
22
22
41
02
16
FF
29
11
03
16
31
00
6A
FE
54
30
00
1F
00
27
88
D0
0C
6F
6F
6F
66
03
BF
70
50
70
01
8F
54
70
0E
F0
0F
2C
72
0E
ED
2C
07
0C
02
0C
00
00
00
30
70
B0
F0
25
02
00
05
0C
00
40
20
40
34
35
34
21
40
22
EF
CC
12
1E
20
22
18
DC
29
67
30
39
E1
A1
61
21
06
10
F0
02
10
22
3C
32
35
51
30
52
04
22
EF
CC
12
58
22
21
2B
DC
12
32
00
40
80
C0
18
01
28
1C
39
E1
A1
61
21
40
28
01
11
05
20
00
14
50
04
2D
2C
11
14
50
04
20
20
60
18
23
06
0C
01
28
02
00
40
20
40
34
51
30
25
15
13
10
50
F0
25
02
0C
29
F0
12
07
F1
51
11
19
F6
00
12
34
15
10
4D
70
31
31
DE
0A
25
10
10
29
31
01
F5
31
FC
38
79
18
6E
B0
59
97
A9
B4
49
0F
30
28
22
25
41
44
6A
01
06
2A
06
29
31
0F
EF
1C
28
00
20
10
60
00
40
1C
20
19
11
14
10
11
06
10
1C
12
14
10
32
37
20
10
1C
20
21
30
22
10
2C
FF
10
50
10
15
10
38
10
50
90
D0
20
22
46
A4
36
37
74
18
1A
62
A1
20
10
3C
40
9F
00
35
24
03
02
23
02
23
34
00
24
30
70
20
47
48
94
93
49
22
80
25
23
EE
E0
D0
46
35
00
44
99
03
00
28
75
19
22
55
8E
2C
93
46
66
66
24
34
5F
62
5C
00
53
8F
50
1A
13
18
34
B1
1C
C0
23
25
DC
B0
DF
BD
53
33
22
00
20
11
30
21
33
20
20
20
00
02
20
7B
D0
BC
A3
C1
81
41
79
29
14
A6
10
50
90
48
13
40
10
30
21
00
01
FF
35
20
32
FF
90
FF
27
FF
04
32
E5
70
24
B8
00
00
D9
29
81
41
0F
40
23
43
30
34
00
43
04
20
F7
02
11
20
18
12
05
51
11
10
25
25
20
22
30
31
28
3F
14
03
16
01
15
30
DC
30
38
00
29
21
30
31
24
23
21
00
09
12
24
14
1C
10
1C
10
25
10
10
50
1C
20
19
21
30
44
30
13
24
22
41
46
10
41
46
10
20
31
11
42
3F
3F
14
03
16
01
14
30
CB
74
0A
6E
6D
52
0D
72
6E
63
10
50
E0
28
68
01
00
05
E0
11
60
11
30
01
0F
02
03
78
66
2A
99
59
19
81
41
01
04
51
33
EC
30
3F
04
40
06
06
06
06
06
06
06
06
90
71
60
0E
60
04
80
62
3F
03
06
06
06
06
06
06
06
3E
08
01
28
04
4C
80
3F
40
63
3F
03
06
06
06
06
06
06
06
3E
08
02
42
23
4C
4E
10
50
90
D0
18
58
98
50
28
00
DC
10
71
60
0D
60
11
01
40
23
58
24
76
FD
0A
22
79
39
F1
B1
71
31
0F
4C
40
02
0C
40
01
E1
40
50
59
D8
08
08
00
0C
04
02
0F
04
00
00
62
66
60
04
61
66
74
21
61
06
06
06
06
06
06
06
6E
66
94
0D
66
87
78
42
50
0F
00
01
60
60
03
00
01
60
0D
20
04
00
00
09
05
00
0F
67
04
04
04
6F
66
06
67
6F
80
F8
40
0C
05
60
7D
61
10
00
0D
05
00
2B
65
79
00
75
65
00
00
00
0D
00
0F
00
01
60
0D
20
04
04
00
00
00
00
03
6F
60
FF
10
50
08
48
88
25
20
DC
28
10
71
62
0D
62
01
31
2D
54
40
3F
50
00
48
05
01
2C
69
29
71
31
0F
00
01
24
20
00
02
48
48
48
00
54
01
20
17
E6
20
40
10
04
00
10
18
00
1C
1F
05
03
00
39
D8
23
20
06
0C
13
06
2C
00
31
0F
30
70
28
00
DC
01
00
17
E6
00
17
11
44
50
2F
04
36
06
43
42
4C
53
20
65
00
05
06
65
19
61
21
00
D0
38
00
DC
1C
12
11
15
32
06
19
21
30
01
07
32
E8
01
04
00
EA
30
70
37
C1
24
40
04
01
00
00
03
FF
03
25
6A
03
33
20
00
7C
06
FF
19
41
01
00
00
00
00
00
30
38
30
42
C0
31
22
4C
24
24
2C
51
11
38
10
50
90
D0
0C
20
00
02
54
03
06
30
40
51
04
2C
04
38
22
43
03
2C
07
38
03
22
2C
25
22
DC
40
04
20
40
20
25
D9
F9
56
03
05
0B
2D
03
6C
4C
4C
05
40
78
4C
29
22
4C
F1
B1
71
31
59
0F
10
7A
72
01
5C
7C
04
03
04
03
10
50
28
00
06
6E
32
26
06
06
5F
61
29
51
11
18
58
20
60
A0
01
00
0C
28
23
42
62
01
21
FF
20
1D
03
81
41
01
39
0F
02
FF
53
42
05
FF
96
A6
41
D8
28
6C
52
25
29
03
CF
38
11
01
FF
10
11
30
01
09
10
30
01
00
00
10
00
23
42
FF
21
0F
30
11
30
44
B8
42
44
41
0E
01
21
10
00
21
11
00
30
50
05
00
04
04
05
41
09
00
30
50
05
00
04
04
05
41
09
80
63
78
81
10
10
5C
05
23
24
4A
21
14
04
01
11
00
30
50
05
00
04
04
05
41
09
00
40
26
11
4C
01
29
7F
41
01
08
00
40
00
52
35
00
0E
21
64
2F
01
50
30
F9
51
11
19
00
00
00
00
00
00
00
00
00
00
00
00
00
00
00
00
00
00
00
00
00
00
00
00
00
00
00
00
00
00
00
00
00
00
00
00
00
00
00
00
00
00
00
00
00
00
00
00
01
02
05
11
22
45
90
40
00
50
21
29
60
06
51
11
30
10
06
21
14
FB
63
21
00
11
00
32
23
23
73
40
77
C5
50
28
24
04
F7
A1
F2
5A
FC
20
66
71
00
00
04
10
40
43
00
02
FD
00
64
23
20
FF
5F
12
24
42
09
5F
15
74
34
59
01
70
20
30
04
00
00
31
23
56
50
26
FF
50
92
02
20
03
24
2C
50
92
02
03
24
20
20
26
22
27
20
47
30
00
21
1F
10
33
04
FC
00
00
10
10
01
10
34
00
00
6D
41
32
54
35
74
74
56
41
32
73
65
36
36
36
36
36
36
36
6C
78
78
36
36
30
78
65
69
30
32
0D
63
00
6F
6D
0A
0A
00
72
72
61
65
79
6D
63
3A
65
20
74
0A
64
6F
0A
64
6F
0A
70
73
63
69
73
3A
61
65
79
65
6F
20
00
00
00
00
00
00
00
00
00
00
00
00
00
00
00
00
00
00
00
00
00
00
00
00
00
00
00
00
00
00
00
00
4F
50
50
46
4C
08
0A
14
18
22
24
2F
2F
2F
30
00
00
00
00
32
00
00
00
32
00
00
00
32
00
00
00
32
00
00
00
32
00
00
00
01
00
00
00
01
00
00
00
32
00
00
00
32
00
00
00
32
00
00
00
72
00
00
00
32
00
FF
00
00
00
00
00
32
00
00
00
32
00
00
00
72
00
00
00
72
00
01
00
72
00
00
00
73
00
00
00
73
00
00
00
00
00
00
00
00
00
00
00
00
00
00
00
00
00
00
00
00
00
00
00
00
00
00
00
00
00
00
00
00
00
00
00
00
00
00
00
00
00
00
00
00
00
00
00
00
00
00
00
00
00
00
00
00
00
00
00
00
00
00
00
00
00
00
00
00
00
00
00
00
00
00
00
00
00
00
00
00
00
00
00
00
00
00
00
00
00
00
00
00
00
00
00
00
00
00
00
00
00
00
00
00
00
00
00
00
00
00
00
00
00
00
00
00
00
00
00
00
00
00
00
00
00
00
00
00
00
00
00
00
00
00
00
00
00
00
00
00
00
00
00
00
00
00
00
00
00
00
00
00
00
00
00
00
00
00
00
00
00
00
00
00
00
00
00
00
00
00
00
00
00
00
00
00
00
00
00
00
00
00
00
00
00
00
00
00
00
00
00
00
00
00
00
00
00
00
00
00
00
00
00
00
00
00
00
00
00
00
00
00
00
00
00
00
00
00
00
00
00
00
00
00
00
00
00
00
00
00
00
00
00
00
00
00
00
00
00
00
00
00
00
00
00
00
00
00
00
00
00
00
00
00
00
00
00
00
00
00
00
00
00
00
00
00
00
00
00
00
00
00
00
00
00
00
00
00
00
00
00
00
00
00
00
00
00
00
00
00
00
00
00
00
00
00
00
00
00
00
00
00
00
00
00
00
00
00
00
00
00
00
00
00
00
00
00
00
00
08
00
00
00
00
00
00
00
00
00
00
00
37
00
00
00
00
00
00
00
00
00
00
00
00
00
00
00
00
00
00
00
00
00
00
00
00
00
00
00
00
00
00
00
00
00
00
00
00
00
12
00
00
00
00
00
00
00
00
00
00
00
00
00
00
00
00
00
00
00
00
00
00
00
00
00
00
00
00
00
00
00
00
00
00
00
00
00
00
00
00
00
00
00
00
00
00
00
00
00
00
00
00
00
00
00
00
00
00
00
00
00
00
00
00
00
00
00
00
00
00
00
00
00
00
00
00
00
00
00
00
00
00
00
00
00
00
00
00
00
00
00
00
00
00
00
00
00
00
00
00
00
00
00
00
00
00
00
00
00
00
00
00
00
00
00
00
00
00
00
00
00
00
00
00
00
00
00
00
00
00
00
00
00
00
00
00
00
00
00
00
00
00
00
00
00
00
00
00
00
00
00
00
00
00
00
00
00
00
00
00
00
00
00
00
00
00
00
00
00
00
00
00
00
00
00
00
00
00
00
00
00
00
00
00
00
00
00
00
00
00
00
00
00
00
00
00
00
00
00
00
00
00
00
00
00
00
00
00
00
00
00
00
00
00
00
00
00
00
00
00
00
00
00
00
00
00
00
00
00
00
00
00
00
00
00
00
00
00
00
00
00
00
00
00
00
00
00
00
00
00
00
00
00
00
00
00
00
00
00
00
00
00
00
00
00
00
00
00
00
00
00
00
00
00
00
00
00
00
00
00
00
00
00
00
00
00
00
00
00
00
00
00
00
00
00
00
00
00
00
00
00
00
00
00
00
00
00
00
00
00
00
00
00
00
00
00
00
00
00
00
00
00
00
00
00
00
00
00
00
00
00
00
00
00
00
00
00
00
00
00
00
00
00
00
00
00
00
00
00
00
00
00
00
00
00
00
00
00
00
00
00
00
00
00
00
00
00
00
00
00
00
00
00
00
00
00
00
00
00
00
00
00
00
00
00
00
00
00
00
00
00
00
00
00
00
00
00
00
00
00
00
00
00
00
00
00
00
00
00
00
00
00
00
00
00
00
00
00
00
00
00
00
00
00
00
00
00
00
00
00
00
00
00
00
00
00
00
00
00
00
00
00
00
00
00
00
00
00
00
00
00
00
00
00
00
00
00
00
00
00
00
00
00
00
00
00
00
00
00
00
00
00
00
00
00
00
00
00
00
00
00
00
00
00
00
00
00
00
00
00
00
00
00
00
00
00
00
00
00
00
00
00
00
00
00
00
00
00
00
00
00
00
00
00
00
00
00
00
00
00
00
00
00
00
00
00
00
00
00
00
00
00
00
00
00
00
00
00
00
00
00
00
00
00
00
00
00
00
00
00
00
00
00
00
00
00
00
00
00
00
00
00
00
00
00
00
00
00
00
00
00
00
00
00
00
00
00
00
00
00
00
00
00
00
00
00
00
00
00
00
00
00
00
00
