03
0B
06
21
10
2F
00
10
E0
90
16
00
01
2C
09
06
51
04
0A
50
A0
AD
50
50
55
11
47
BA
39
E6
E2
CE
DC
10
10
04
22
50
03
06
02
50
03
06
03
2C
20
24
24
2A
03
44
40
40
48
40
40
45
05
00
25
40
51
54
52
10
3C
05
12
15
32
10
49
01
12
33
76
B4
93
D2
99
EA
01
CA
1F
34
00
11
F0
10
00
71
0C
69
02
00
E2
00
00
00
00
00
00
00
00
10
50
55
38
84
93
E9
47
B8
90
03
10
11
D2
00
00
00
10
31
10
10
30
0A
0E
10
02
18
D0
2A
10
10
18
10
10
C3
18
C0
C3
28
21
B8
20
BB
20
C0
0C
00
48
22
46
18
20
20
20
10
10
05
05
04
1C
22
30
10
00
1C
23
2C
1C
59
21
C0
22
1C
59
21
C3
10
00
1C
23
20
10
00
1C
23
2C
1C
59
21
C0
01
10
1C
21
10
06
16
90
00
01
C3
10
30
20
22
46
18
20
20
20
33
62
12
20
4F
10
20
10
31
C3
0C
10
03
30
03
8E
11
70
B8
DA
01
2B
B8
30
74
07
79
0E
46
00
03
79
55
00
F0
E6
FE
4E
20
F0
70
C0
00
08
02
0F
0B
00
00
20
60
A0
E0
38
00
18
F0
02
10
22
3C
32
35
51
30
52
04
22
45
E0
11
14
58
22
21
2B
DC
12
00
10
F1
B1
71
31
0F
11
01
28
0C
00
32
48
49
36
31
34
40
22
45
E0
11
96
20
11
24
25
22
30
C6
30
70
B0
F0
29
F0
12
0A
F1
B1
71
31
0F
00
50
F0
60
20
18
10
34
40
06
26
12
10
34
40
2C
10
50
F0
25
02
11
29
F0
0C
29
22
3C
32
35
55
31
60
00
10
00
40
80
38
00
50
11
05
1C
20
19
61
21
40
28
01
11
25
11
10
10
78
11
33
29
31
FB
38
DE
25
34
D5
10
38
21
17
24
17
33
A0
90
90
AB
BC
59
91
20
60
1F
10
44
46
24
04
33
3C
2C
39
41
01
28
12
00
60
05
16
60
E2
30
38
00
29
21
1E
10
11
2C
00
1C
21
10
10
20
30
22
00
18
00
31
0F
04
1C
20
10
00
1C
01
10
10
28
78
40
80
C0
D1
14
40
94
73
93
74
84
A3
15
16
48
A4
32
09
00
03
00
24
00
03
20
23
20
30
02
23
34
00
23
00
23
84
37
97
64
36
48
38
E0
ED
D4
43
40
06
40
93
00
05
55
50
22
1A
55
34
22
34
40
63
86
48
34
26
62
63
10
54
E6
48
BC
34
13
BC
13
1C
55
4C
6F
93
C5
BC
DF
50
30
20
10
01
14
20
92
31
53
18
34
10
28
01
B0
D0
BD
34
D1
91
51
11
39
10
2C
E9
40
80
28
49
20
00
12
02
4F
23
00
05
04
04
03
24
99
80
10
52
48
25
78
04
32
70
00
25
49
91
51
11
30
20
37
26
47
10
42
00
42
12
00
21
10
50
1C
20
19
21
30
31
24
23
21
00
09
52
30
20
05
10
40
00
20
10
20
28
1C
39
31
0F
25
24
20
14
F2
21
10
EC
33
12
00
1C
01
10
30
00
40
38
00
29
31
0F
40
13
21
40
2C
11
2C
04
13
2C
04
05
32
32
23
30
46
10
05
10
40
00
20
10
6E
64
20
6D
00
6F
65
20
6A
00
40
80
18
58
98
61
1A
E0
EC
11
1E
10
40
3F
50
66
48
05
01
2C
69
29
E1
51
11
00
F3
36
01
20
40
00
01
00
00
00
00
00
00
00
00
0E
60
00
01
60
04
03
30
21
F6
06
06
06
06
06
06
06
06
06
06
FF
44
46
06
40
01
30
21
F6
06
06
06
06
06
06
06
06
06
D9
4A
03
3C
4C
00
40
80
C0
08
48
88
0C
00
03
D6
0D
60
00
01
60
10
22
00
48
58
44
65
50
11
2A
89
49
09
C1
81
41
01
42
F3
03
41
00
20
ED
00
D8
00
03
08
04
00
05
0F
04
00
00
02
00
D8
00
6F
66
20
60
70
06
67
06
06
06
06
06
06
06
06
60
66
01
80
40
0C
28
05
00
0A
66
00
E6
01
70
66
00
E6
00
04
08
08
00
00
00
60
84
06
06
06
06
60
64
21
00
00
78
00
01
BE
10
71
60
0D
60
01
10
01
01
69
61
74
6E
72
00
00
10
01
02
01
0F
66
00
E6
00
00
46
00
00
00
0C
06
00
60
00
00
40
D0
38
78
13
23
D6
00
0D
62
20
01
60
30
81
21
4D
90
50
09
04
72
0F
0F
22
79
39
D1
41
01
3F
00
02
00
00
00
44
44
44
00
50
E9
60
7D
61
10
00
0D
02
02
00
08
1C
12
1F
01
1D
3C
10
33
30
23
10
21
20
1D
22
02
09
01
20
60
18
03
D6
32
60
7D
61
10
00
10
42
60
30
00
D8
2F
23
4A
03
0D
42
05
05
2F
3C
3C
29
71
31
0F
30
28
03
D6
12
2D
33
10
39
28
29
31
0F
00
01
30
30
00
10
01
01
20
60
25
12
24
C1
62
0C
15
33
70
45
06
22
7C
06
34
23
10
03
6C
45
C9
51
11
00
00
00
00
00
20
28
00
43
03
0C
C0
0C
20
20
22
29
21
28
00
40
80
C0
45
00
2A
04
50
0C
2C
09
2C
52
45
03
2C
47
24
42
32
22
2C
42
32
2A
03
06
2A
C2
90
41
31
33
52
22
03
01
4A
42
4C
4C
05
0D
2E
03
6C
01
83
50
03
62
05
6C
7F
C1
81
41
01
29
40
63
62
22
04
03
25
05
22
06
00
40
18
65
00
00
62
20
50
4C
24
06
39
61
21
08
48
10
50
90
10
20
0C
20
30
20
7A
13
01
02
4F
03
06
91
51
11
49
09
20
10
05
04
05
18
92
A0
10
00
0A
03
52
80
80
06
11
28
00
10
16
28
20
00
11
19
18
40
30
03
B8
09
00
26
46
18
31
09
20
10
24
40
42
13
41
44
11
04
31
0F
25
15
21
18
50
4E
14
00
00
10
00
51
19
18
50
4E
14
00
00
10
00
51
19
70
81
87
04
0F
40
10
12
31
46
34
07
32
14
13
21
18
50
4E
10
00
00
10
00
51
19
18
30
70
00
0B
00
64
24
51
11
0F
38
30
26
51
50
03
05
11
65
50
06
28
05
12
61
21
29
00
00
00
00
00
00
00
00
00
00
00
00
00
00
00
00
00
00
00
00
00
00
00
00
00
00
00
00
00
00
00
00
00
00
00
01
03
06
13
27
54
09
19
39
79
59
18
36
73
47
94
89
79
59
19
30
09
4C
00
23
64
2F
61
21
20
11
5D
25
03
01
34
31
00
A9
10
20
20
40
58
73
79
C4
01
55
21
05
61
87
F4
36
53
23
23
10
09
02
00
F0
31
40
10
90
02
0B
61
42
34
15
05
22
12
22
01
00
12
2C
42
90
00
60
01
12
02
00
A5
12
32
5F
66
51
75
54
56
00
3F
01
24
24
5C
56
00
3C
24
04
01
21
2A
50
28
23
22
7C
44
02
10
30
20
5F
00
00
00
10
16
04
31
00
00
6F
50
45
41
46
69
00
20
58
35
63
6F
78
78
78
78
78
78
78
75
00
00
78
78
36
30
00
62
30
31
34
6E
20
73
65
2E
00
0D
20
6D
0A
66
6F
0A
65
72
72
72
69
00
74
70
00
6D
70
00
65
73
72
63
62
75
65
66
6F
0A
64
73
00
00
00
00
00
00
00
00
00
00
00
00
00
00
00
00
00
00
00
00
00
00
00
00
00
00
00
00
00
00
00
00
52
4F
4C
43
42
4C
0D
13
16
20
22
2F
2F
2F
2F
00
00
00
00
00
00
02
00
00
00
04
00
00
00
00
00
00
00
00
00
00
00
00
00
00
00
00
00
00
00
00
00
00
00
00
00
00
00
00
00
00
00
00
00
00
00
00
00
00
00
FF
00
00
00
00
00
00
00
00
00
00
00
00
00
00
00
00
00
00
00
00
00
00
00
00
00
00
00
00
00
00
00
00
00
00
00
00
00
00
00
00
00
00
00
00
00
00
00
00
00
00
00
08
00
00
00
08
00
00
00
00
00
00
00
00
00
00
00
00
00
00
00
00
00
00
00
00
00
00
00
00
00
00
00
00
00
00
00
00
00
00
00
00
00
00
00
00
00
00
00
00
00
00
00
00
00
00
00
00
00
00
00
00
00
00
00
00
00
00
00
00
00
00
00
00
00
00
00
00
00
00
00
00
00
00
00
00
00
00
00
00
00
00
00
00
00
00
00
00
00
00
00
00
00
00
00
00
00
00
00
00
00
00
00
00
00
00
00
00
00
00
00
00
00
00
00
00
00
00
00
00
00
00
00
00
00
00
00
00
00
00
00
00
00
00
00
00
00
00
00
00
00
00
00
00
00
00
00
00
00
00
00
00
00
00
00
00
00
00
00
00
00
00
00
00
00
00
00
00
00
00
00
00
00
00
00
00
00
00
00
00
00
00
00
00
00
00
00
00
00
00
00
00
00
00
00
00
00
00
00
00
00
00
00
00
00
00
00
00
00
00
00
00
00
00
00
00
00
00
00
00
00
00
00
00
00
00
00
00
00
00
00
00
00
00
00
00
00
00
00
00
00
00
00
00
00
00
00
00
00
00
00
00
00
00
00
00
00
00
00
00
00
00
00
00
00
00
00
00
00
00
00
00
00
00
00
00
00
00
00
00
00
00
00
00
00
00
00
00
00
00
00
00
00
00
00
01
00
00
00
00
00
00
00
00
00
00
00
00
00
00
00
00
00
00
00
00
00
00
00
00
00
00
00
00
00
00
00
00
00
00
00
00
00
00
00
00
00
00
00
56
00
00
00
00
00
00
00
00
00
00
00
00
00
00
00
00
00
00
00
00
00
00
00
00
00
00
00
00
00
00
00
00
00
00
00
00
00
00
00
00
00
00
00
00
00
00
00
00
00
00
00
00
00
00
00
00
00
00
00
00
00
00
00
00
00
00
00
00
00
00
00
00
00
00
00
00
00
00
00
00
00
00
00
00
00
00
00
00
00
00
00
00
00
00
00
00
00
00
00
00
00
00
00
00
00
00
00
00
00
00
00
00
00
00
00
00
00
00
00
00
00
00
00
00
00
00
00
00
00
00
00
00
00
00
00
00
00
00
00
00
00
00
00
00
00
00
00
00
00
00
00
00
00
00
00
00
00
00
00
00
00
00
00
00
00
00
00
00
00
00
00
00
00
00
00
00
00
00
00
00
00
00
00
00
00
00
00
00
00
00
00
00
00
00
00
00
00
00
00
00
00
00
00
00
00
00
00
00
00
00
00
00
00
00
00
00
00
00
00
00
00
00
00
00
00
00
00
00
00
00
00
00
00
00
00
00
00
00
00
00
00
00
00
00
00
00
00
00
00
00
00
00
00
00
00
00
00
00
00
00
00
00
00
00
00
00
00
00
00
00
00
00
00
00
00
00
00
00
00
00
00
00
00
00
00
00
00
00
00
00
00
00
00
00
00
00
00
00
00
00
00
00
00
00
00
00
00
00
00
00
00
00
00
00
00
00
00
00
00
00
00
00
00
00
00
00
00
00
00
00
00
00
00
00
00
00
00
00
00
00
00
00
00
00
00
00
00
00
00
00
00
00
00
00
00
00
00
00
00
00
00
00
00
00
00
00
00
00
00
00
00
00
00
00
00
00
00
00
00
00
00
00
00
00
00
00
00
00
00
00
00
00
00
00
00
00
00
00
00
00
00
00
00
00
00
00
00
00
00
00
00
00
00
00
00
00
00
00
00
00
00
00
00
00
00
00
00
00
00
00
00
00
00
00
00
00
00
00
00
00
00
00
00
00
00
00
00
00
00
00
00
00
00
00
00
00
00
00
00
00
00
00
00
00
00
00
00
00
00
00
00
00
00
00
00
00
00
00
00
00
00
00
00
00
00
00
00
00
00
00
00
00
00
00
00
00
00
00
00
00
00
00
00
00
00
00
00
00
00
00
00
00
00
00
00
00
00
00
00
00
00
00
00
00
00
00
00
00
00
00
00
00
00
00
00
00
00
00
00
00
00
00
00
00
00
00
00
00
00
00
00
00
00
00
00
00
00
00
00
00
00
00
00
00
00
00
00
00
00
00
00
00
00
00
00
00
00
00
00
00
00
00
00
00
00
00
00
00
00
00
00
00
00
00
